freq mass
1.6098403107585412E7     6.962806205135581E-17
1.6098630325080654E7     6.962733904958356E-17
8.623593527959958E7      3.1241435930298246E-17
8.623702297905537E7      3.124096272555523E-17
2.0135967339816454E8     1.7691439465089876E-17
2.0136191519916663E8     1.769125571585149E-17
2.618790483268301E8      5.29287093841391E-16
3.571968816133173E8      1.7578234632310386E-17
3.5720130480705076E8     1.7578169191537852E-17
3.89185576575973E8       1.8809438476171114E-16
5.608423998359922E8      1.6673314798993606E-17
5.6084928242916E8        1.667312208064115E-17
7.5836302356206E8        1.6037189580678366E-16
7.942135839936182E8      1.627813085660031E-17
7.942232468588152E8      1.6277966515078202E-17
1.0632051414264201E9     1.684253429630643E-17
1.063217940117915E9      1.684274130879787E-17
1.1045430083302512E9     8.159050944305925E-17
1.135962751888936E9      3.993118084458566E-17
1.3564514193752842E9     1.642527238958316E-17
1.3564677186347418E9     1.6425077368105398E-17
1.4834024152681382E9     3.671019963339338E-17
1.6695565624913673E9     1.6822718785098303E-17
1.6695753796596289E9     1.6823746715069537E-17
1.6914042087366061E9     4.8257078584783354E-17
1.894605511928052E9      2.9281905871249015E-17
2.0034028536723437E9     1.6951672272344614E-17
2.003424364141787E9      1.6951070026649738E-17
2.2619668861884303E9     2.307312710904609E-17
2.3180016344041533E9     5.246535663957402E-17
2.3489725828212333E9     1.6869457716446342E-17
2.3489959566251497E9     1.687021699493781E-17
2.656964985469295E9      2.6634551149844446E-17
2.7076130296658916E9     1.720719407109202E-17
2.7076387585378485E9     1.720670010620556E-17
2.966277812113206E9      4.5171327230120476E-17
3.0604949908707767E9     2.2285815174817126E-17
3.0766606376427593E9     1.7147144376652733E-17
3.0766893516856475E9     1.7148455294432336E-17
3.440037722395515E9      2.197604108389963E-17
3.4521716268168135E9     1.7189720708204373E-17
3.4522019954487367E9     1.718930544166322E-17
3.5784656850538025E9     4.316041516374245E-17
3.8355984959724164E9     1.731254531277225E-17
3.8356342536404715E9     1.7311413499873635E-17
3.8459843595167685E9     2.3786066012720584E-17
4.2147324053670435E9     4.6219125943530736E-17
4.2239649619945264E9     1.7216574585948826E-17
4.2239985195845175E9     1.7226092450944927E-17
4.2435990451044836E9     2.0745660757132226E-17
4.616226428998312E9      1.7264712718511634E-17
4.616261936244439E9      1.7264287598517918E-17
4.632128963755745E9      2.1934876790121297E-17
4.841417338160999E9      4.265485566153954E-17
5.012767898970903E9      1.7271813107917835E-17
5.0128097898120985E9     1.727333311356152E-17
5.040067417264066E9      2.2350995460347283E-17
5.4115849188992405E9     1.7166265487883083E-17
5.411628121742341E9      1.7167979890332413E-17
5.434448465798093E9      2.037066227187993E-17
5.448065686705905E9      4.354507353480764E-17
5.812735276182103E9      1.71541194171624E-17
5.812782996671845E9      1.714978570430829E-17
5.829378021877582E9      2.1930445502403206E-17
6.062422016476347E9      4.524159329746532E-17
6.215686460649262E9      1.708689911262413E-17
6.215735194749837E9      1.7082865260905613E-17
6.236533702920208E9      2.1452090350761263E-17
6.619559544644384E9      1.6984345942805916E-17
6.619616537317748E9      1.6993666581396127E-17
6.629616840644817E9      2.035066334815644E-17
6.658310291817074E9      4.359511492423961E-17
7.023962160357012E9      1.6933421289394973E-17
7.024007911290425E9      1.693662423126802E-17
7.029330462842792E9      2.1864423635313125E-17
7.236378322731797E9      4.5274146247650476E-17
7.33753622061964E9       1.6627465421678246E-15
7.337580936917446E9      1.657059680844281E-15
7.426977511862297E9      1.7554081359136458E-17
7.427047971121004E9      1.755477489211455E-17
7.434256305336774E9      2.0873107884894963E-17
7.517449271991708E9      4.834294586723796E-16
7.517494376572823E9      4.835583649582119E-16
7.776391965247935E9      8.398277882123115E-17
7.776435745451539E9      8.405835942041113E-17
7.806477306592264E9      4.68997896133445E-17
7.827733478103741E9      2.0558739618535068E-17
7.849936218330895E9      2.070754264019745E-17
7.850005143959284E9      2.0714351911992804E-17
8.1311954966201515E9     1.9438443270708122E-16
8.13122948921276E9       1.9432818881731643E-16
8.23063615749858E9       2.1721548544841816E-17
8.253305466287573E9      1.792610420140133E-17
8.253367253226184E9      1.7922015349056465E-17
8.351972927174031E9      4.708049150653984E-17
8.53170275689696E9       2.2168766873015451E-16
8.531756224718002E9      2.2144660113414453E-16
8.633284415610296E9      2.047996587385338E-17
8.66017237988686E9       1.758990067130542E-17
8.660243140196272E9      1.7600817694430226E-17
