freq mass
1.6750481523133004E7     6.526630971246457E-17
1.6750880967455449E7     6.526511598282777E-17
8.968026177795078E7      2.5915937650799882E-17
8.968227150884658E7      2.591506359127833E-17
2.0531152139491537E8     1.2585306139058595E-17
2.0531525444547102E8     1.2585015622169249E-17
2.662812613299032E8      7.563704557624185E-16
3.582306965776438E8      1.2095820160000241E-17
3.582383900885653E8      1.2095315117723886E-17
3.967663771177016E8      1.840440044969451E-16
5.596225101185136E8      1.119534116075013E-17
5.596350139647151E8      1.1194938045059235E-17
7.774938339928535E8      2.3739305456123457E-16
7.890605014074596E8      1.0845174204819752E-17
7.890796476941581E8      1.084491963294157E-17
1.0552255963059957E9     1.1218731276574483E-17
1.0552545314486667E9     1.1217195574816311E-17
1.1309680179020145E9     7.507460623801831E-17
1.1826427121376233E9     4.6181932645389157E-17
1.3447770326768608E9     1.0876035763382343E-17
1.3448140561248705E9     1.0875031104729269E-17
1.5176715656319118E9     3.3153083032138727E-17
1.654876003573053E9      1.1220668144229391E-17
1.6549212415032997E9     1.1216721615211135E-17
1.7234493636372025E9     3.830657439847968E-17
1.9292153993939326E9     2.664232550800951E-17
1.9861343539521148E9     1.1283916893077535E-17
1.9861966684595258E9     1.1281387750325291E-17
2.2989539537607684E9     1.8178856477321782E-17
2.328878486850128E9      1.1277525067584338E-17
2.3289535636342154E9     1.1248943209106578E-17
2.342004041113892E9      3.9827238660732786E-17
2.68519748440569E9       2.048333980286766E-17
2.6858016117797613E9     1.155742145505996E-17
2.6858758870916877E9     1.1550648593531345E-17
2.993907398192181E9      3.3785112158815805E-17
3.0529542348102775E9     1.1504564209964783E-17
3.0530613856357603E9     1.1493958586881661E-17
3.092882588678825E9      1.7172670919929048E-17
3.427003042954868E9      1.1626249852897351E-17
3.4271257721403656E9     1.161912020317945E-17
3.4704997675506625E9     1.5814996695359296E-17
3.6043964759525824E9     3.099972534256222E-17
3.809773023969399E9      1.1766074328431007E-17
3.8098852058080053E9     1.176216136119281E-17
3.873819155052042E9      1.751313197338642E-17
4.197278458423617E9      1.1715138196426204E-17
4.197436262152554E9      1.1693128871399388E-17
4.2393599910854588E9     3.341009625876128E-17
4.275668923302055E9      1.5041150927603027E-17
4.589358360766942E9      1.1819671408695836E-17
4.589532946190522E9      1.1812987115418521E-17
4.662022431632225E9      1.5385820270905706E-17
4.869227440377434E9      3.057372426083789E-17
4.986342077114139E9      1.181285188509369E-17
4.986511382967644E9      1.1804864910476023E-17
5.07064454155514E9       1.609693527034926E-17
5.385468511047459E9      1.1821895610514461E-17
5.385703437578267E9      1.1805775081011236E-17
5.468405030673704E9      1.431701690235685E-17
5.475204315966762E9      3.0763371386362955E-17
5.787466077081476E9      1.185853849705828E-17
5.787668479831566E9      1.1852215097750388E-17
5.86202564002684E9       1.522679105233902E-17
6.090463519321865E9      3.229519152611845E-17
6.191955077084464E9      1.1970028168588577E-17
6.19224109739598E9       1.1957503173245307E-17
6.271771481496198E9      1.5199952032031923E-17
6.597270467187008E9      1.1882739606658534E-17
6.597638120102324E9      1.1829656021619566E-17
6.6674871110877285E9     1.4051601683525382E-17
6.68916212333315E9       3.095914362610058E-17
7.00387476642331E9       1.1966212015930025E-17
7.004268120837686E9      1.1916069743020445E-17
7.0673388674650345E9     1.5080621250755404E-17
7.267528302564112E9      3.196135881278885E-17
7.340057236329934E9      7.695997796946434E-16
7.340184062194367E9      7.8274730290091355E-16
7.409903095129475E9      1.2313004123492812E-17
7.410180145959084E9      1.2260312271938944E-17
7.47611941692025E9       1.462375927387067E-17
7.521153067157385E9      4.675541930347532E-16
7.521496535606367E9      4.618282086467843E-16
7.777303086919615E9      3.8281707242877996E-17
7.777564490922952E9      3.8321337978782183E-17
7.839151944117977E9      3.2855064224100665E-17
7.842068302502136E9      1.6492022167395094E-17
7.84218757053208E9       1.654442280173383E-17
7.871843878378242E9      1.4015336387778803E-17
8.139627182360285E9      1.0398487106850051E-16
8.139875455632792E9      1.0457278457995311E-16
8.244848168044909E9      1.3113298736261479E-17
8.2452061246663265E9     1.3109983684098366E-17
8.276226310781191E9      1.4805704923564306E-17
8.387152053144154E9      3.3489365312613547E-17
8.5475198648803005E9     1.2017337383763315E-16
8.547668304254325E9      1.2078672375366077E-16
8.655947899913198E9      1.2902993255885122E-17
8.656476018254307E9      1.2850143480691878E-17
8.683583026205996E9      1.4126692757273073E-17
