modenumbers: 		 [10, 18, 25, 30, 36, 43, 47, 54, 61, 65, 72, 76, 86, 95]

freq: 		 [389185576.575973, 1104543008.3302512, 1691404208.7366061, 2318001634.4041533, 2966277812.113206, 3578465685.0538025, 4214732405.3670435, 4841417338.160999, 5448065686.705905, 6062422016.476347, 6658310291.817074, 7236378322.731797, 7806477306.592264, 8351972927.174031]

mass:  		 [1.8809438476171114e-16, 8.159050944305925e-17, 4.825707858478336e-17, 5.246535663957402e-17, 4.517132723012048e-17, 4.316041516374245e-17, 4.6219125943530736e-17, 4.265485566153954e-17, 4.354507353480764e-17, 4.524159329746532e-17, 4.3595114924239605e-17, 4.527414624765048e-17, 4.68997896133445e-17, 4.708049150653984e-17]

maxop1(u): 		 [-2.597561361215448e-16, -1.476841719319936e-16, 1.328347595776675e-15, 1.8615518313398508e-15, 1.481840119197118e-15, 2.2847360202124612e-15, 7.172681834683975e-15, 5.075397491058294e-15, 7.4023967760598e-15, 7.446101747240232e-15, 8.233563872806839e-15, 1.1618499013103806e-14, 1.262899321211136e-14, 1.5520682758123284e-14]

maxop1(v): 		 [8.868030881912372e-16, 1.3727394213867244e-15, -1.642151827804348e-15, -1.1760176711711399e-15, 2.517047632595034e-15, 3.321373631329521e-15, -5.874324070342916e-15, 4.091916087406157e-15, 3.5198297024897183e-15, 8.58737596742637e-15, 1.159061084571563e-14, 1.0787690330234536e-14, 1.6760683079643444e-14, 1.6930313355986153e-14]

maxop1(w): 		 [3.11e-12, 3.1100000000000003e-12, 3.11e-12, 3.11e-12, 3.11e-12, -3.0812594320048827e-12, 3.11e-12, -3.057128729608452e-12, 3.11e-12, -3.026146210256761e-12, 3.11e-12, -2.988994922562521e-12, 3.11e-12, -2.9455674399132284e-12]

+0 solid.eZZ: 		 [1.8286195057855888e-06, -3.0989032304405513e-06, 3.4219978482201018e-06, -5.133843322327044e-06, 5.7574424806730796e-06, 6.568693199696723e-06, 7.829364165072117e-06, 8.028794972099554e-06, 8.656637717349854e-06, 9.18281219069875e-06, 8.964148425983775e-06, 9.021708075554387e-06, 8.747360491108403e-06, 7.972048419047171e-06]

-R solid.eZZ: 		 [1.6873197677511566e-06, -2.8429917832568637e-06, 3.1108736312135437e-06, -4.600018572567451e-06, 5.051805691997795e-06, 5.6137371640005115e-06, 6.46596814388479e-06, 6.3289046196964775e-06, 6.443241462590339e-06, 6.344270304747314e-06, 5.616308043553727e-06, 4.970247890335078e-06, 4.010778210087446e-06, 2.75576836848842e-06]

+R solid.eZZ: 		 [1.6873306434699563e-06, -2.842885610830318e-06, 3.1108338624870704e-06, -4.5996842745015525e-06, 5.051958931983522e-06, 5.615122003042814e-06, 6.451427755655653e-06, 6.331213036865873e-06, 6.455161669612135e-06, 6.350504746706023e-06, 5.632123459959671e-06, 4.9815086635660334e-06, 4.016205134549854e-06, 2.7659527904325606e-06]

+0 solid.eXX: 		 [-5.61303902641028e-07, 9.556884241937992e-07, -1.0629351660679726e-06, 1.6122539445557968e-06, -1.8352240001690075e-06, -2.1303583182955643e-06, -2.593567213163674e-06, -2.7237455504953154e-06, -3.012563213775429e-06, -3.2852426058318505e-06, -3.2966914522421574e-06, -3.4047117901007283e-06, -3.3736012186937413e-06, -3.111116797593076e-06]

-R solid.eXX: 		 [-5.124604145211484e-07, 8.608283328836012e-07, -9.374132315234621e-07, 1.3755240271055892e-06, -1.4937156147606261e-06, -1.636165622483155e-06, -1.848043579038361e-06, -1.7612205048398705e-06, -1.7314145226841367e-06, -1.6228694087907139e-06, -1.3371265920044412e-06, -1.05831776791722e-06, -6.926855496551767e-07, -2.6997957072112506e-07]

+R solid.eXX: 		 [-5.123412859199579e-07, 8.60591810342727e-07, -9.371924771227784e-07, 1.3750809822187257e-06, -1.4934391276470566e-06, -1.6363207962277345e-06, -1.8424321944242585e-06, -1.761793911925028e-06, -1.7356660115544237e-06, -1.6252209196375667e-06, -1.3434066755632008e-06, -1.063252674147398e-06, -6.961204066912749e-07, -2.7623391676311125e-07]

+0 solid.eYY: 		 [-5.614469592979911e-07, 9.55928517605131e-07, -1.0631964642345764e-06, 1.6126407793012844e-06, -1.8356500769441447e-06, -2.1308407819595376e-06, -2.5941604028182946e-06, -2.7243833742411e-06, -3.0133403090504485e-06, -3.286277106183885e-06, -3.2980832858352804e-06, -3.4068481989381426e-06, -3.3771017502155123e-06, -3.1170969699101345e-06]

-R solid.eYY: 		 [-5.464698118363847e-07, 9.265817117487189e-07, -1.0239387238822547e-06, 1.5376666279854403e-06, -1.7262145585260659e-06, -1.970843322134665e-06, -2.3511085945946297e-06, -2.407008870166599e-06, -2.587229682251339e-06, -2.729286751781039e-06, -2.636785682236209e-06, -2.610418110588901e-06, -2.4635965741828465e-06, -2.1480186945740523e-06]

+R solid.eYY: 		 [-5.463995334567855e-07, 9.264191991235292e-07, -1.0237555795792949e-06, 1.5373912491800282e-06, -1.7259981216571507e-06, -1.970859608948053e-06, -2.3480216518750143e-06, -2.407331200390453e-06, -2.5894858201633407e-06, -2.7309851121760723e-06, -2.640705886626478e-06, -2.6148966776236092e-06, -2.4686966041773646e-06, -2.1557567656930817e-06]

+0 solid.eXZ: 		 [-3.200968155006996e-10, 4.668364581737407e-10, -2.3120513408078894e-10, 1.5278961394696182e-09, -1.215983502456497e-09, -1.0950231170731633e-09, -4.8449474003773676e-09, -1.680661805930847e-09, -1.3266502727373002e-09, -2.1647981221832867e-09, -2.7333049263333295e-09, -2.800024240630605e-09, -2.2946664265533922e-09, -3.514798310015803e-09]

-R solid.eXZ: 		 [-8.001049097892086e-10, 1.3929282020354317e-09, -1.6028074867938905e-09, 2.5569497334917686e-09, -3.1180444181732204e-09, -3.91768982612413e-09, -5.256817716389262e-09, -6.16038637247016e-09, -7.691573938376742e-09, -9.655553342010844e-09, -1.1329027971660876e-08, -1.3976952818341008e-08, -1.7095986515180538e-08, -2.0285719938590446e-08]

+R solid.eXZ: 		 [7.311039997261669e-10, -1.2684359161004835e-09, 1.4509213188860643e-09, -2.2903395672039613e-09, 2.7451496944792168e-09, 3.3680201978494534e-09, 4.338133681993661e-09, 4.875923015370427e-09, 5.746873574684638e-09, 6.6496499929566804e-09, 7.083867064097028e-09, 7.716272416047862e-09, 8.067566388835825e-09, 7.908806938535725e-09]

+0 solid.eYZ: 		 [-2.414188455000984e-10, 6.885514240821588e-10, -1.66984142607313e-09, -6.313018431130715e-10, -1.0166228635227931e-09, -2.429840972933494e-09, 5.78522589992284e-09, -3.6188540369408545e-09, -6.0327810097587045e-09, -6.099529557691701e-09, -6.4670995736211305e-09, -8.961647561655836e-09, -1.624248159610663e-08, -1.05229692950033e-08]

-R solid.eYZ: 		 [-1.5241687145878067e-10, 5.006399636010746e-10, -1.3412220732093619e-09, -5.690514262734432e-10, -8.921033032860218e-10, -2.1978670986350878e-09, 4.306547433059661e-09, -3.616490970377701e-09, -5.767830888299169e-09, -6.489283264885336e-09, -6.759128168856272e-09, -1.0006489560798155e-08, -1.798191445627129e-08, -1.3848684045602387e-08]

+R solid.eYZ: 		 [-1.9522749606009564e-10, 5.715044870844984e-10, -1.4083797985454935e-09, -4.897811285202012e-10, -9.52918347759699e-10, -2.202283530889323e-09, 4.369343018124123e-09, -3.347766555561641e-09, -5.040330207745926e-09, -5.433458865107421e-09, -4.978395569700805e-09, -7.304991349137586e-09, -1.4625760272184447e-08, -6.73493410690251e-09]

+0 solid.eXY: 		 [-7.870562740787425e-11, 1.415648420245164e-10, -1.705165704686563e-10, 2.8997128139854476e-10, -3.79728233425075e-10, -5.110578936323511e-10, -7.364188400762475e-10, -9.159224619474053e-10, -1.2054432322776055e-09, -1.5876676236333912e-09, -1.9386736435411895e-09, -2.4837462097278353e-09, -3.175194674151421e-09, -4.057248518804908e-09]

-R solid.eXY: 		 [2.651449208552458e-10, -4.650377685131846e-10, 5.418500358435319e-10, -8.825568613899831e-10, 1.1116856739657568e-09, 1.455985670139636e-09, 2.0586367459581553e-09, 2.578418558010681e-09, 3.459521580156664e-09, 4.6920257812234855e-09, 5.967845937701476e-09, 7.958764319596913e-09, 1.0499456737612675e-08, 1.3378156734200902e-08]

+R solid.eXY: 		 [-9.304380939113731e-11, 1.5336614727547042e-10, -1.6304575024537492e-10, 2.2434492161525013e-10, -2.339537951577533e-10, -2.4919425787917425e-10, -2.8012293331466707e-10, -3.024855861318415e-10, -3.739994101481731e-10, -5.34771332491548e-10, -7.488361560097737e-10, -1.1821277637619466e-09, -1.863300258327299e-09, -2.705284117263818e-09]

