modenumbers: 		 [2, 4, 6, 9, 12, 15, 17, 21, 24, 28, 32, 35, 39, 42, 45, 49, 51, 55, 58, 62, 66, 69, 73, 78, 79, 83, 84, 88, 91, 93, 96, 99]

freq: 		 [16098630.325080654, 86237022.97905537, 201361915.19916663, 357201304.80705076, 560849282.42916, 794223246.8588152, 1063217940.117915, 1356467718.6347418, 1669575379.6596289, 2003424364.141787, 2348995956.6251497, 2707638758.5378485, 3076689351.6856475, 3452201995.4487367, 3835634253.6404715, 4223998519.5845175, 4616226428.998312, 5012767898.970903, 5411584918.8992405, 5812735276.182103, 6215686460.649262, 6619559544.644384, 7023962160.357012, 7337580936.917446, 7426977511.862297, 7517494376.572823, 7776391965.247935, 7849936218.330895, 8131229489.21276, 8253305466.287573, 8531702756.89696, 8660172379.88686]

mass:  		 [6.962733904958356e-17, 3.124096272555523e-17, 1.769125571585149e-17, 1.7578169191537852e-17, 1.6673122080641148e-17, 1.6277966515078202e-17, 1.684274130879787e-17, 1.6425077368105398e-17, 1.6823746715069537e-17, 1.6951070026649738e-17, 1.687021699493781e-17, 1.720670010620556e-17, 1.7148455294432336e-17, 1.718930544166322e-17, 1.7311413499873638e-17, 1.7226092450944927e-17, 1.7264712718511634e-17, 1.7271813107917838e-17, 1.7166265487883086e-17, 1.71541194171624e-17, 1.7086899112624128e-17, 1.6984345942805916e-17, 1.6933421289394973e-17, 1.657059680844281e-15, 1.7554081359136458e-17, 4.835583649582119e-16, 8.398277882123115e-17, 2.0707542640197448e-17, 1.9432818881731643e-16, 1.792610420140133e-17, 2.2168766873015446e-16, 1.758990067130542e-17]

maxop1(u): 		 [3.11e-12, 3.11e-12, 3.1099999999999995e-12, 3.1100000000000003e-12, 3.1099999999999995e-12, -3.1080359781719867e-12, 3.1100000000000003e-12, -3.1043484454197112e-12, 3.11e-12, -3.097832414381934e-12, 3.11e-12, -3.0880571220922166e-12, 3.11e-12, -3.074595646874159e-12, 3.11e-12, -3.0572139802568608e-12, -4.57750935013422e-13, 2.5214451492245124e-13, -4.68652239733279e-13, 3.5120317080330393e-13, -5.482195288539153e-13, 7.821610104181187e-13, -8.382876872847267e-13, 4.4199474668798487e-13, 1.2399536381500467e-12, -7.513784153418185e-13, -7.628522099125031e-14, -2.3016543175731305e-13, 1.3324555021716621e-12, 1.4694707888337642e-12, 2.024514179597887e-13, -7.869932662127172e-13]

maxop1(v): 		 [-5.100494893951593e-13, -4.897605993538511e-13, -4.766641707117497e-13, -4.606263083219068e-13, -4.439205182893045e-13, 4.2834520318172896e-13, -4.1217490086524915e-13, 3.767872199814327e-13, -3.4123542016020097e-13, 3.2975960697572515e-13, -2.8344730966875714e-13, 2.385282692131222e-13, -1.639765435021074e-13, 1.3310404218232277e-13, -2.2584360128158605e-14, 2.712613939840286e-13, 3.11e-12, -3.0358900671871086e-12, 3.11e-12, -3.009937832656083e-12, 3.11e-12, -2.9755239543467926e-12, 3.11e-12, -9.910069765980542e-14, -2.9384783764420926e-12, 2.343484774062418e-13, 2.0049396063910526e-12, 3.11e-12, -2.6030681083683543e-14, -2.641780219000663e-12, -1.166820252198019e-12, 2.9168012470353037e-12]

maxop1(w): 		 [5.566308922379115e-14, 1.6520996792397967e-13, 2.8954825484671946e-13, 4.3519352692030297e-13, 5.905678650781913e-13, 7.387666529979682e-13, 8.861638551671406e-13, 1.026847809970914e-12, 1.1620765230017708e-12, 1.2949159355635346e-12, 1.4202055481521362e-12, 1.5402800808454243e-12, 1.659047418687698e-12, 1.7750796456173933e-12, 1.8881078817747244e-12, 2.0043248327675673e-12, 2.1324666943833372e-12, 2.214730387399857e-12, 2.350858685171755e-12, 2.4321658585386068e-12, 2.5699455806713072e-12, 2.6979894052425673e-12, 2.8494917518084806e-12, 4.118837190095691e-13, 3.027387530887198e-12, 7.563958105047991e-13, 1.884057864248356e-12, 2.954548887138044e-12, 1.2914443679383655e-12, 3.095838816126317e-12, 1.2666076593847456e-12, 3.101007069502671e-12]

+0 solid.eZZ: 		 [5.467999444863315e-10, -1.551023343765161e-09, 2.2149063395627238e-09, -3.4807792205525785e-09, 4.32890701351885e-09, 4.710790383664633e-09, 4.538687842651472e-09, 3.6309011756412543e-09, 1.5979933848275952e-09, -3.069731439015394e-10, -2.4454351691566976e-09, -6.314093118613603e-09, -9.218844777543643e-09, -1.2734338355458351e-08, -1.5186762379810023e-08, -1.1517485394335575e-08, 2.874962005678534e-09, 7.66398488283931e-10, 8.540458293171672e-09, 3.2468230796553447e-09, 4.188272538262033e-09, 1.057044292558306e-08, 8.10935210291452e-09, 3.1333063368656476e-08, 1.109515836243375e-08, 5.0198547454822265e-08, 1.3192397380130163e-08, -7.930289002396926e-09, 1.0263833042966212e-07, -3.164478745195792e-09, -3.362063968019032e-08, -5.754689554994064e-09]

-R solid.eZZ: 		 [1.1517009161392461e-07, -3.288964276214988e-07, 4.7251771299980975e-07, -7.509778462641671e-07, 9.325604574108993e-07, 1.0180401162031275e-06, 9.918927086044918e-07, 7.337961140433289e-07, 3.0415098539632074e-07, -3.495375770670825e-07, -1.183141657412463e-06, -2.2161272393215304e-06, -3.3489668285211963e-06, -4.581448468792144e-06, -5.882232270521105e-06, -7.119020098585828e-06, 1.3325578042404883e-06, 6.711571877943135e-07, 1.760659938451959e-06, 1.1298296631367038e-06, 2.3881269841808963e-06, 2.937599975971773e-06, 3.861062614991414e-06, 4.558124206618399e-06, 5.036521442595846e-06, 2.1445100494823708e-06, 9.282026722547234e-07, 1.0794109405079382e-06, 1.1945979327210548e-05, 4.291726787036278e-06, -1.484100986926803e-06, 2.45988356418972e-06]

+R solid.eZZ: 		 [-1.1514682733153881e-07, 3.2886248642233514e-07, -4.7251312161417933e-07, 7.510892965200153e-07, -9.327807691873222e-07, -1.018477089497494e-06, -9.92726925861775e-07, -7.344735171615029e-07, -3.0539070101938055e-07, 3.498471358402999e-07, 1.1861280687600443e-06, 2.220405633431165e-06, 3.35743875525661e-06, 4.594294828084321e-06, 5.902496694220542e-06, 7.15711827166168e-06, -1.3351714047898808e-06, -6.681746901508444e-07, -1.7512990908776517e-06, -1.117875933091201e-06, -2.38141364960754e-06, -2.922801952405875e-06, -3.8541913983683185e-06, -4.557706874794053e-06, -5.035711801179894e-06, -2.087725680999855e-06, -9.137919950546227e-07, -1.0371290954737364e-06, -1.192182897817027e-05, -4.296459897855222e-06, 1.486668351363959e-06, -2.4307859898100045e-06]

+0 solid.eXX: 		 [-1.8051857197198633e-10, 5.183954423690533e-10, -7.492088743057562e-10, 1.1979177561616101e-09, -1.527913552382201e-09, -1.731805018419141e-09, -1.802244715320823e-09, -1.6558911063556804e-09, -1.2182460774421019e-09, -8.603982071215622e-10, -4.738482630971545e-10, 3.711253916961993e-10, 8.827397510061206e-10, 1.532456302121303e-09, 1.7921465984472207e-09, 7.953562992674829e-12, 3.6094048218897e-10, 1.0326004480306245e-09, -7.211169600785939e-10, 1.174594181842772e-09, 1.9505417010571863e-09, 3.480368079745598e-10, 2.1620301739893217e-09, -1.1502019220809243e-08, 1.9225901404388353e-09, -2.1745824972729604e-08, -1.407587610793492e-09, 8.191533790412896e-09, -4.1381364473815714e-08, 8.065433625959302e-09, 9.960176062041214e-09, 9.67505472951689e-09]

-R solid.eXX: 		 [-3.604219067937474e-08, 1.0311607463402236e-07, -1.4836044981936136e-07, 2.3610889742124614e-07, -2.933902050672006e-07, -3.1981189708766807e-07, -3.093470202237273e-07, -2.2290291366204254e-07, -7.73503268861861e-08, 1.4543825170869242e-07, 4.3253158017816267e-07, 7.932784329152642e-07, 1.1943858451532072e-06, 1.6377351604442104e-06, 2.1137685631921583e-06, 2.576445286461211e-06, -4.885680995898071e-07, -2.4864651896083777e-07, -6.534862986684943e-07, -4.217990107117164e-07, -8.984135904095778e-07, -1.1101158283047294e-06, -1.4590080805398526e-06, -1.066037649584757e-06, -1.857129866806002e-06, 4.420687764639011e-07, -2.277529832155055e-07, -4.739620723448217e-07, -2.0983796021202783e-06, -1.923950652450445e-06, 1.737258114357589e-07, -1.1759306050495751e-06]

+R solid.eXX: 		 [3.6049774601273904e-08, -1.0316226761612012e-07, 1.4845994094029592e-07, -2.3634521068358985e-07, 2.937869257651519e-07, 3.2043480591709346e-07, 3.103119382296265e-07, 2.2403187588057672e-07, 7.892320506239795e-08, -1.440426101770858e-07, -4.316522089593206e-07, -7.924746991899178e-07, -1.194534226743332e-06, -1.6388749876113694e-06, -2.1167670113699464e-06, -2.5840372012659674e-06, 4.864297362882358e-07, 2.45766786280657e-07, 6.493019766967785e-07, 4.181187477289974e-07, 8.969561416283257e-07, 1.1079633121149654e-06, 1.460246730474315e-06, 1.06786214190051e-06, 1.8616680941267847e-06, -4.520336716542592e-07, 2.302821711649935e-07, 4.6901192804165025e-07, 2.1004839103806845e-06, 1.9309358416494162e-06, -1.8204274099332787e-07, 1.176588365771577e-06]

+0 solid.eYY: 		 [-1.5922405085475824e-10, 4.512058501508997e-10, -6.440125820231713e-10, 1.0120769135626675e-09, -1.2617699368555345e-09, -1.380833114781786e-09, -1.3475879746268974e-09, -1.1212885179710364e-09, -5.772522010451825e-10, -1.0656808595341957e-10, 4.0411293737104013e-10, 1.411900080043946e-09, 2.1107225531566485e-09, 2.9908063497345185e-09, 3.524985263631142e-09, 2.20285611671896e-09, -2.1549739497879862e-09, -1.4938467157765337e-09, -3.748121750428023e-09, -1.799120048957565e-09, -1.5016780403410615e-09, -3.287213542257496e-09, -1.6552166698477233e-09, -1.2821450986184205e-08, -1.8054100071291193e-09, -2.245703939012549e-08, 6.032536694853522e-10, 3.433050595972459e-09, -4.633183513516211e-08, 3.821891891839899e-09, 2.343201173660678e-09, 3.6189111842448553e-09]

-R solid.eYY: 		 [-3.49476911277823e-08, 9.940523824208837e-08, -1.423642764687238e-07, 2.2561929400623364e-07, -2.7985982570347856e-07, -3.067245014534936e-07, -3.041021445709158e-07, -2.385632888450538e-07, -1.329408211129999e-07, 2.5072627858016317e-08, 2.202292839789063e-07, 4.5129370989903587e-07, 6.929875841112771e-07, 9.410022985448231e-07, 1.1854069647759296e-06, 1.3965740424327508e-06, -2.4998175417797076e-07, -1.2062348996938954e-07, -3.11120061447347e-07, -1.9318354994656657e-07, -3.9392929642990916e-07, -4.7349314749529957e-07, -6.23720050665303e-07, -2.1863102402308614e-06, -9.17600058998819e-07, -3.0995820514109738e-06, -4.2324007521660266e-07, -1.692886729415125e-08, -7.264194319401128e-06, -3.0768335632623284e-08, 1.10158658098546e-06, 1.5125026940049206e-07]

+R solid.eYY: 		 [3.498875703099748e-08, -9.950882244699581e-08, 1.4249496841224138e-07, -2.2579832210971276e-07, 2.7999011698530536e-07, 3.06749134283123e-07, 3.039641840457356e-07, 2.380414000191094e-07, 1.322169532043689e-07, -2.6640809366842348e-08, -2.2285532417497345e-07, -4.5427339286048476e-07, -6.969309893503054e-07, -9.455179821045839e-07, -1.1909935742478515e-06, -1.4066065639840494e-06, 2.5218665114607407e-07, 1.215875330564211e-07, 3.0853817849441556e-07, 1.916354849616352e-07, 3.932269012629232e-07, 4.693916426813102e-07, 6.224884787175804e-07, 2.185417590765494e-06, 9.177600020510434e-07, 3.095181091674066e-06, 4.2389834863305783e-07, 2.0399182169608654e-08, 7.257916574350719e-06, 3.2830562318603433e-08, -1.0977313807908471e-06, -1.463990959512957e-07]

+0 solid.eXZ: 		 [4.63144677852712e-09, -3.631155390914212e-08, 8.328048442622205e-08, -1.9830237392745396e-07, 3.665661907065506e-07, 5.944525201705112e-07, 9.162503361876958e-07, 1.2417155461053357e-06, 1.6430966814162834e-06, 2.0346356724924245e-06, 2.3802534741026865e-06, 2.720593442605148e-06, 2.9329433067370653e-06, 3.054652990499363e-06, 3.059617004370339e-06, 2.894410104503483e-06, -4.131667112739639e-07, -1.5014691245669632e-07, -2.559414480721285e-07, -7.84569974773382e-08, 1.1719884197568057e-08, 2.3081328637413286e-07, 5.682582990052649e-07, -1.5810316746826096e-06, 9.22540053585808e-07, -4.4701237477840404e-06, -2.2974260098120312e-07, 6.437500205894838e-07, -6.909567415058252e-06, 3.1081448910948925e-06, 1.2585357234822345e-06, 2.5301411328300417e-06]

-R solid.eXZ: 		 [-1.9555573767515485e-11, 4.54430750731558e-11, -4.9863028100883606e-11, 4.181077783950768e-11, 2.9144148818447194e-11, 1.8843272220652916e-10, 5.013513817015954e-10, 9.818128401721472e-10, 1.7270407127275742e-09, 2.730831609366218e-09, 3.983386616163067e-09, 5.623391036934275e-09, 7.388438456638758e-09, 9.330910429038874e-09, 1.1332687356826912e-08, 1.268663159592431e-08, 1.5652503265043688e-09, 2.3194816227073954e-09, 1.3921300080727917e-10, 1.4290093062237834e-10, -2.0210450737419934e-09, -3.08117534574024e-09, -3.3485205307418102e-09, 9.423981435178347e-09, -1.4405813326055208e-09, 1.1725694906704364e-08, -7.030614424344853e-09, -6.92645711525962e-09, 4.376197142310452e-08, 5.29027013082534e-09, 2.850868535869122e-09, 1.4628234313492365e-09]

+R solid.eXZ: 		 [-3.820267696848612e-13, 1.195944491043199e-12, -5.887307102456292e-13, -6.5065267101693846e-12, 3.6491530352973e-11, 1.172587302507511e-10, 3.0970679436854113e-10, 6.549039021089821e-10, 1.2698494465643384e-09, 2.217907812016189e-09, 3.542731309615686e-09, 5.41999772097411e-09, 7.724919022020973e-09, 1.0560277133835185e-08, 1.3920848230124678e-08, 1.758555927900659e-08, -4.285975770575867e-09, -2.877761602402415e-09, -6.207775703016597e-09, -4.818098849896602e-09, -8.827960792972464e-09, -1.0652261808757436e-08, -1.3017923960788655e-08, 8.002248147367501e-09, -1.3840300604464575e-08, 3.134172175945478e-08, 7.39224008820984e-10, -8.022110320741644e-09, 4.343474941478106e-08, -1.7554486783861563e-08, -9.545811777108287e-09, -1.1205373729143646e-08]

+0 solid.eYZ: 		 [-7.596583019262821e-10, 5.711676674071064e-09, -1.2747012140012844e-08, 2.9335099088606746e-08, -5.2291582843384136e-08, -8.155336362345628e-08, -1.2175909516288883e-07, -1.4912801409961354e-07, -1.8231473928048478e-07, -2.1172441151860667e-07, -2.2324460939238142e-07, -1.9928257515275058e-07, -1.6796570330102775e-07, -1.1365488690519133e-07, -4.3633039819445905e-08, -2.2964679266613845e-07, 2.5956819943136547e-06, 2.1374921888993346e-06, 1.5281310676600131e-06, 7.885032912415826e-07, -6.599007357197443e-08, -9.904691417387659e-07, -1.8933418367613533e-06, 4.032995219723251e-07, -2.4238392530627867e-06, 1.2308221122432326e-06, 3.4466845322056712e-06, -6.086364404073512e-06, 3.5095723582924186e-07, -6.2193390970121945e-06, -9.553547198303994e-06, -7.9096671257482e-06]

-R solid.eYZ: 		 [-1.69035991889995e-10, 3.5244325270438624e-09, -8.943260167468518e-09, 2.196155149317258e-08, -4.0759607365444536e-08, -6.522398126434828e-08, -9.920065662003541e-08, -1.231201464106735e-07, -1.5204409075245837e-07, -1.7796526099949e-07, -1.8885160726293883e-07, -1.6967849024123493e-07, -1.4429967756629408e-07, -1.0016104445278659e-07, -4.290624138089878e-08, -1.9733571760501157e-07, 2.044012964249468e-06, 1.576969867865159e-06, 9.667554123823823e-07, 2.154376729499923e-07, -6.507348433606394e-07, -1.6096449337178173e-06, -2.599191914325618e-06, 2.133811972862313e-07, -3.382579484918156e-06, 8.985183472638767e-07, 7.805980788629875e-07, -6.29403656505772e-06, 1.6570306946930472e-07, -6.5593024691427255e-06, -4.163530967074367e-06, -8.23662560343154e-06]

+R solid.eYZ: 		 [-2.474194870755728e-10, 3.7414217550537044e-09, -9.246144632569349e-09, 2.24247919151833e-08, -4.130123386445862e-08, -6.575824673516715e-08, -9.961010152863559e-08, -1.2322225046520735e-07, -1.5162493506552476e-07, -1.7677158941743648e-07, -1.8655297685689732e-07, -1.6594492297496227e-07, -1.387710236654707e-07, -9.186821253526809e-08, -3.338448848090684e-08, -1.8386750921410257e-07, 2.0486143014761e-06, 1.5841251849790762e-06, 9.69397517524796e-07, 2.2228438640894378e-07, -6.508224788867581e-07, -1.6179932364509388e-06, -2.618637714526259e-06, 2.0127328558302448e-07, -3.4188032914222887e-06, 9.106748715730248e-07, 7.510284585481682e-07, -6.283257027589039e-06, 1.3915775281846584e-07, -6.604963576865789e-06, -4.115418436802691e-06, -8.223960826823365e-06]

+0 solid.eXY: 		 [-1.871664667608212e-12, 8.286838939561656e-12, -1.5848840868978777e-11, 3.369718497907664e-11, -5.759987059739142e-11, -8.886869498965239e-11, -1.3233867594753784e-10, -1.7741369207666527e-10, -2.3345577555261335e-10, -2.8958283941232786e-10, -3.4350200297505735e-10, -4.0581599882914044e-10, -4.567153453942416e-10, -5.07839415211837e-10, -5.59689641613253e-10, -5.203961120350507e-10, -1.0895995182337555e-09, -1.3939433403289418e-09, -1.59073628549391e-09, -1.882425129666897e-09, -2.045854556170982e-09, -2.201179966619489e-09, -2.2951037679642065e-09, -8.314384200902948e-10, -2.4316752306661204e-09, -1.5853001358485738e-09, -3.6540161268914078e-09, -1.1724555782628434e-09, -2.9674533901810733e-09, -3.4700842777966883e-11, 5.410237658934094e-09, 1.2488352879741527e-09]

-R solid.eXY: 		 [1.1072765569906614e-14, 1.2670836377466874e-11, -3.5938934983529276e-11, 9.699387533168794e-11, -1.990515303168069e-10, -3.558777282441572e-10, -6.070843231336598e-10, -9.20432063476083e-10, -1.3629365846906603e-09, -1.8925704534297377e-09, -2.489029756622228e-09, -3.2181479773109556e-09, -3.907923415355863e-09, -4.581256371360534e-09, -5.157137477949794e-09, -5.175147139525089e-09, -2.54117093767355e-09, -3.2045636697870258e-09, -2.99359878560239e-09, -3.334042495117931e-09, -3.5426614695253e-09, -4.109243365434004e-09, -5.437299442280659e-09, -5.07500443027201e-09, -7.824537722050397e-09, -1.3994576467059907e-10, 3.9771687494141574e-09, -4.488622235163597e-09, -2.0976184821319245e-08, -1.5907326666198007e-08, -6.839598322508163e-09, -1.2837162426816544e-08]

+R solid.eXY: 		 [-2.4341593527907312e-11, 9.73556281550989e-11, -1.7750254507493297e-10, 3.613704136678871e-10, -5.92374443902773e-10, -8.748741146038282e-10, -1.2408589512184154e-09, -1.5366845236258825e-09, -1.8484396822494458e-09, -2.037893583818217e-09, -2.027360898075766e-09, -1.7767615516192582e-09, -1.1810556703845207e-09, -1.977255258847674e-10, 1.2477901517187332e-09, 2.938482785275508e-09, 9.916857276875754e-10, 2.2337967699766063e-10, -2.6600256313624076e-09, -4.193893971663337e-09, -9.204736990212092e-09, -1.4234552459846336e-08, -2.1401973907111065e-08, -5.161776079222315e-09, -3.069675751746425e-08, 1.0558285453600314e-08, -2.0535195108421843e-08, -2.2934690444340435e-08, -1.1695923375487918e-08, -4.4643336668039254e-08, 1.8484775807741895e-08, -4.4433243574176046e-08]

