modenumbers: 		 [2, 4, 6, 8, 10, 12, 14, 16, 18, 20, 22, 24, 27, 30, 32, 34, 36, 39, 41, 44, 47, 49, 51, 55, 57, 59, 62, 65, 67, 70, 73, 76, 78, 82, 84, 87, 90, 93, 95, 99]

freq: 		 [1725349.2109841097, 4342364.329177448, 8229790.057025005, 13503369.669240361, 20322988.950182773, 28728097.73113212, 38669434.26395078, 50105811.81178139, 63079992.47746502, 77686403.39809549, 94194391.46358594, 112052591.65737385, 131869550.10178214, 153206479.6773595, 176176099.55714834, 201076237.5044361, 227719876.894606, 256032260.2535984, 285658373.28078574, 316771128.44643205, 349764817.2775018, 384300792.03331196, 419911759.03732455, 457413935.0844826, 496093193.53654057, 535625575.9904163, 576740948.4101838, 620210797.2409939, 663724158.2863871, 710576950.1751223, 756630018.8847084, 806855274.8480953, 856098272.8722613, 907989268.8337713, 962725073.4554106, 1015114117.9863181, 1072228084.485088, 1127643042.386533, 1186123635.007007, 1245183559.1198092]

mass:  		 [2.0889840328872216e-17, 2.9071978634383066e-18, 9.46174338520624e-19, 4.497693716126334e-19, 2.7168510570064093e-19, 1.860990444165949e-19, 1.2990802119588346e-19, 9.650034334249412e-20, 7.611208998927123e-20, 6.378540843539571e-20, 5.394758932080351e-20, 4.544477950731555e-20, 3.7066004787015375e-20, 3.172844326286428e-20, 2.770398128066328e-20, 2.29706725456136e-20, 1.931148026373817e-20, 1.504981096967372e-20, 1.1796931146557359e-20, 9.160767235187327e-21, 6.971966223845438e-21, 5.470263219125014e-21, 4.1433136220651916e-21, 2.9485419089719948e-21, 2.307777917337794e-21, 1.7495389863891176e-21, 1.4356949395115574e-21, 1.2078014895808e-21, 9.839861617865892e-22, 8.589904535132304e-22, 6.810674802710341e-22, 6.33859537951315e-22, 5.224773801170718e-22, 4.694928862065605e-22, 3.723811260643531e-22, 3.24076441455908e-22, 2.5878541531248297e-22, 2.2129581070720906e-22, 1.9931674909135861e-22, 1.7140668706001697e-22]

maxop1(u): 		 [-1.6179682802306504e-14, -4.818974727175028e-13, 1.3499999999999999e-11, 1.3499999999999999e-11, 1.35e-11, 8.627123821765708e-12, -9.087926089857599e-12, -8.635889189479048e-12, -8.206863854120725e-12, -7.449927981545114e-12, -5.085730405651943e-12, -5.360083066930506e-12, -4.425300934291386e-12, -4.062012584471812e-12, -3.5151716933341166e-12, -3.095430556899589e-12, -2.8746259373414583e-12, -2.7085783994722794e-12, -2.7702806509289304e-12, -2.5570505809779388e-12, -2.4495939358459766e-12, -2.2994809815525334e-12, -2.410282520617695e-12, -2.5421937106478653e-12, -2.666450600012647e-12, -2.833524812279404e-12, -2.8338706769761303e-12, -2.8303910083473685e-12, -2.9393098869035093e-12, -3.0546476978037785e-12, -2.931556184414473e-12, -2.963619010229002e-12, -2.630051732090053e-12, -2.5273406246383867e-12, -2.4991020378479955e-12, -2.3724509663069192e-12, -2.4191787684599267e-12, -2.049618018577408e-12, -1.9498686817963652e-12, -1.7886099401034423e-12]

maxop1(v): 		 [1.3499999999999999e-11, 1.3499999999999999e-11, -5.440739057217288e-13, -4.7571389312135944e-12, -8.04672589101339e-12, -1.3499922398507009e-11, 1.3499999999999999e-11, 1.3499999999999999e-11, 1.3499999999999999e-11, 1.3499999999999999e-11, 1.3499999999999999e-11, 1.3499999999999999e-11, 1.3499999999999999e-11, 1.3499999999999999e-11, 1.3499999999999999e-11, 1.3499999999999999e-11, 1.35e-11, 1.3499999999999999e-11, 1.3499999999999999e-11, 1.3499999999999999e-11, 1.3499999999999999e-11, 1.3499999999999997e-11, 1.3499999999999997e-11, 1.3499999999999999e-11, 1.3499999999999999e-11, 1.3499999999999997e-11, 1.3499999999999997e-11, 1.3499999999999999e-11, 1.3499999999999999e-11, 1.3499999999999997e-11, 1.3499999999999999e-11, 1.3499999999999999e-11, 1.3499999999999999e-11, 1.3499999999999999e-11, 1.3499999999999999e-11, 1.3499999999999999e-11, 1.35e-11, 1.3499999999999999e-11, 1.35e-11, 1.3499999999999999e-11]

maxop1(w): 		 [2.5070871982282457e-16, 4.668446471385942e-16, 8.777836125486258e-16, 1.2956364019434706e-15, 1.92680746705007e-15, 2.292420216518038e-15, 2.3994237987508537e-15, 2.7782123513987236e-15, 3.445902123407995e-15, 3.993961438511802e-15, 4.267452457473688e-15, 5.366120338906127e-15, 5.606464694197031e-15, 6.8668962125031885e-15, 7.86563458816143e-15, 9.208169809247222e-15, 1.0309160002453004e-14, 1.1768976018419561e-14, 1.2592753865990887e-14, 1.4299409856753514e-14, 1.5906491825316284e-14, 1.7392974262178802e-14, 1.8741238134888896e-14, 2.022707255846117e-14, 2.2201156957179774e-14, 2.3642856614917597e-14, 2.562177875016369e-14, 2.7175981060560405e-14, 2.895512262608286e-14, 3.0474064269486663e-14, 3.206247447537426e-14, 3.426981135960067e-14, 3.647577478661902e-14, 3.7968031058741185e-14, 4.04797620450346e-14, 4.233496458221821e-14, 4.4756862474730706e-14, 4.671145346645944e-14, 4.9111709997492325e-14, 5.1272516776734725e-14]

+0 solid.eZZ: 		 [-8.552534493927549e-13, -3.200041972452363e-12, -1.1013043603495172e-10, 1.1739662524489363e-10, -1.3146528459895115e-10, 9.309806215245678e-11, 1.0918127928875924e-10, -1.098111204710782e-10, 1.1186673352825707e-10, -1.0362483058007355e-10, 7.018264792623492e-11, -6.510847883917882e-11, 3.048979146406549e-11, -6.620381729968409e-11, 2.0033285760155444e-11, -1.103771514971933e-11, 1.8255845765296228e-11, -3.696207061374833e-11, 7.804409732241588e-11, -3.074548473439496e-11, 2.6406881110293386e-11, -1.658922321978511e-11, 3.115255729832769e-12, -3.6149110702733554e-11, 1.1375057525811625e-11, 4.640471887997791e-12, -2.4079676434589866e-11, -3.9096465483388085e-12, 3.5139234565942297e-12, -1.1903389895419954e-11, -5.4676434497439804e-11, 1.427367298261446e-11, -7.283160159430702e-12, 2.465866910763266e-11, -1.3986414734745124e-11, 9.007337120368334e-12, -8.117406016433425e-12, 1.4849349195306298e-11, -5.5091014415902216e-12, -1.643563105828727e-12]

-R solid.eZZ: 		 [-2.4605832194913638e-11, 4.293956109885291e-10, 1.1358021673692814e-08, -1.2160629627029298e-08, 1.3672544025498027e-08, -9.790924840209978e-09, -1.1465391234033131e-08, 1.1543089743788516e-08, -1.1811353573469531e-08, 1.1140990674919529e-08, -8.113484780625481e-09, 8.55407974858377e-09, -7.0217436122633026e-09, 6.264898777280576e-09, -5.22931126843565e-09, 4.584826035848818e-09, -4.153913173843494e-09, 3.661880691842282e-09, -3.3121082440228515e-09, 2.686548756615824e-09, -2.286111964191107e-09, 2.061409415547001e-09, -1.9763225577324513e-09, 1.8085145074336924e-09, -1.4343675439404242e-09, 1.1593319255233152e-09, -8.290210526292643e-10, 5.771924652158138e-10, -3.0773182822691873e-10, 6.129360222464664e-11, 2.3526532601442195e-10, -5.417444547355011e-10, 6.961406937769733e-10, -6.932923966317509e-10, 7.327024492566245e-10, -7.543911293436237e-10, 7.321091347105693e-10, -7.384160102028847e-10, 6.599089269823782e-10, -5.582812873135765e-10]

+R solid.eZZ: 		 [1.5646683611358202e-11, -4.222920501008929e-10, -1.1360173723986836e-08, 1.2160646243037137e-08, -1.3670897926053062e-08, 9.785659491177227e-09, 1.1461056418906673e-08, -1.153951027430342e-08, 1.1808112998251732e-08, -1.113592658882362e-08, 8.101903957574328e-09, -8.527864358439652e-09, 6.961242874237167e-09, -6.285830196325945e-09, 5.187095526092778e-09, -4.540351515165145e-09, 4.1338664230231045e-09, -3.6871982270340587e-09, 3.4214723055966698e-09, -2.7222301386520606e-09, 2.322115827074307e-09, -2.085742434193084e-09, 1.9785178500076573e-09, -1.8729147473621266e-09, 1.461739278477058e-09, -1.1621001722672939e-09, 8.029722226004256e-10, -6.087426596206702e-10, 3.4334372270454e-10, -1.1933555708934436e-10, -2.955126091642595e-10, 5.186040397326536e-10, -6.58127064025873e-10, 6.852054186373505e-10, -7.052739732129735e-10, 7.158728749728023e-10, -6.943333299934779e-10, 7.124299079097688e-10, -6.166211783312659e-10, 5.037169135118959e-10]

+0 solid.eXX: 		 [7.030559366684816e-14, 1.2661949420444627e-12, 3.728539000821134e-11, -3.9925844986871284e-11, 4.4906321220596964e-11, -3.206689968172046e-11, -3.769879608082489e-11, 3.806225303283214e-11, -3.893757385007908e-11, 3.631632047504391e-11, -2.5028311715507227e-11, 2.3765740420081873e-11, -1.2610053253890753e-11, 2.338617066656112e-11, -8.850774296185377e-12, 5.871925267122567e-12, -7.978187900675792e-12, 1.3548151369450495e-11, -2.6068658666899927e-11, 1.1241804365991838e-11, -9.724445247179449e-12, 6.624986897919904e-12, -2.4607186910544182e-12, 1.2544997780686392e-11, -4.733341965408673e-12, -3.5161464181110965e-13, 6.530969986271652e-12, 1.9570980840943645e-12, -1.6523176384095717e-12, 4.089361237589351e-12, 1.671426951947572e-11, -4.481171034605674e-12, 2.4921593426901954e-12, -7.86561829046482e-12, 4.6520738103987005e-12, -3.1545178221039725e-12, 2.9229297192034593e-12, -5.06930220950824e-12, 2.094246110034329e-12, 2.334178787528522e-13]

-R solid.eXX: 		 [1.3406760368091165e-11, -1.389322731595152e-10, -3.5462475884511494e-09, 3.799490213569461e-09, -4.274543609466518e-09, 3.0663032283750378e-09, 3.591188699928373e-09, -3.617413087127302e-09, 3.703274709273417e-09, -3.4959199485848197e-09, 2.5507800889179604e-09, -2.6904887106874724e-09, 2.2117320814770145e-09, -1.976858764930553e-09, 1.6538661097350402e-09, -1.4525612941015814e-09, 1.3186212041332314e-09, -1.1646037373793096e-09, 1.055375769917836e-09, -8.583401655452013e-10, 7.318903441136637e-10, -6.611011260496687e-10, 6.334419818267884e-10, -5.794999794376224e-10, 4.61585961089285e-10, -3.7419433014148995e-10, 2.6985009370571206e-10, -1.909091977709846e-10, 1.056891221330362e-10, -2.845666862909982e-11, -6.621637583176056e-11, 1.6146102670436537e-10, -2.1029402382848146e-10, 2.0957726585430134e-10, -2.2216356400406213e-10, 2.2870993727694507e-10, -2.2203628815930156e-10, 2.2378408139155052e-10, -1.9884186626766485e-10, 1.6700951408820293e-10]

+R solid.eXX: 		 [-9.491566903314648e-13, 1.2848187551967775e-10, 3.548343623209815e-09, -3.797911600515748e-09, 4.2693394148786316e-09, -3.0533917611554517e-09, -3.5772297434530826e-09, 3.6017679455067266e-09, -3.6857641962325935e-09, 3.475253833562729e-09, -2.525775087934133e-09, 2.6587616004548064e-09, -2.168722528550627e-09, 1.9563970384378264e-09, -1.61200198404394e-09, 1.409499576425992e-09, -1.2816176862324134e-09, 1.1419090630462415e-09, -1.058483745401687e-09, 8.402212354015757e-10, -7.15590989743918e-10, 6.417614064229236e-10, -6.089963878309789e-10, 5.769520641571537e-10, -4.4827763774138304e-10, 3.550841934716717e-10, -2.4280713088546355e-10, 1.8150288146986353e-10, -9.865836930307185e-11, 2.8019622035637276e-11, 1.0057571749082835e-10, -1.7139353765612303e-10, 2.1449086162385305e-10, -2.225331277171282e-10, 2.280253603375987e-10, -2.3093703916228496e-10, 2.2300924882423132e-10, -2.2769418678803785e-10, 1.972574103290411e-10, -1.6133161614644432e-10]

+0 solid.eYY: 		 [9.409480455919238e-13, 3.109106980838708e-13, 3.1505148543763144e-11, -3.332922228087585e-11, 3.707175100383444e-11, -2.5614660411696015e-11, -3.005527632556845e-11, 3.0050011771604314e-11, -3.043136706710372e-11, 2.780664309380692e-11, -1.7994980440039522e-11, 1.6118072768318767e-11, -5.740352680646828e-12, 1.6612308934887253e-11, -2.4726125352843177e-12, -2.325448651478186e-13, -1.898787523273957e-12, 7.731218500869959e-12, -2.0358562419313367e-11, 6.071676970171625e-12, -4.9426377073960984e-12, 1.9794187322252826e-12, 2.0276601616841975e-12, 8.377658024453895e-12, -8.743150108853953e-13, -3.8449110199017145e-12, 9.688737864605917e-12, -1.088298018142584e-12, 1.068747732293338e-12, 1.4770053167705482e-12, 1.8700601948376507e-11, -6.405504965223172e-12, 4.1354875660921e-12, -9.512997065591693e-12, 6.139444472023902e-12, -4.648977787966825e-12, 4.251921777399515e-12, -6.314268304496412e-12, 3.5192918205520934e-12, -1.3286579844179571e-12]

-R solid.eYY: 		 [1.1581678186239379e-11, -1.3416506012100104e-10, -3.4537036461740185e-09, 3.6971076146109717e-09, -4.155680085423655e-09, 2.9776201019764363e-09, 3.4845730340516565e-09, -3.5069405761499466e-09, 3.587048437511137e-09, -3.383035946357681e-09, 2.465685796253509e-09, -2.5987066218784844e-09, 2.134525212668485e-09, -1.9048016215427494e-09, 1.5927447385526468e-09, -1.3976191249713443e-09, 1.2669337964373681e-09, -1.1176450797877764e-09, 1.010650255881896e-09, -8.222388370693458e-10, 7.006761940752741e-10, -6.32818292213451e-10, 6.065739019605522e-10, -5.538058535198661e-10, 4.4173290519543745e-10, -3.5869718824332776e-10, 2.596402739328756e-10, -1.8345823514784191e-10, 1.0222234142734329e-10, -2.818363589931517e-11, -6.051165750603446e-11, 1.5309070830026939e-10, -2.006503292406059e-10, 1.9989850131633505e-10, -2.131803315812234e-10, 2.2057058096585338e-10, -2.157109517293965e-10, 2.190462506330655e-10, -1.9659454338075882e-10, 1.6716718821230974e-10]

+R solid.eYY: 		 [-7.435100101989354e-13, 1.250104859668258e-10, 3.4535250579885863e-09, -3.6936282031771197e-09, 4.148836367370488e-09, -2.964827928303106e-09, -3.4706732129118296e-09, 3.4916630330081196e-09, -3.5701730533693387e-09, 3.3634762655961216e-09, -2.4424884737310283e-09, 2.5686999271968486e-09, -2.0929454601644004e-09, 1.887704592763378e-09, -1.5533793929633769e-09, 1.3570969036377538e-09, -1.2333380851627253e-09, 1.0988808902710868e-09, -1.019290610597012e-09, 8.079863314264623e-10, -6.879449562665981e-10, 6.166413934548067e-10, -5.845299819488521e-10, 5.545096799399869e-10, -4.307364183460006e-10, 3.411178144644573e-10, -2.33334323821396e-10, 1.758496030030289e-10, -9.677871575597282e-11, 2.971944705506593e-11, 9.566731798574855e-11, -1.6225091733457997e-10, 2.0397431509731034e-10, -2.1287730841979076e-10, 2.1892295347098077e-10, -2.227326349609602e-10, 2.1678331767962113e-10, -2.2359049931681954e-10, 1.9548276874173162e-10, -1.6185215547057783e-10]

+0 solid.eXZ: 		 [-3.9336627482119675e-13, 1.226038031074405e-11, 4.176137127904673e-10, -5.492025111730186e-10, 7.387309394821027e-10, -6.186544564192701e-10, -8.319541983801826e-10, 9.476908570136747e-10, -1.0854124791632677e-09, 1.1370269263408635e-09, -9.149096365140712e-10, 1.0585973381570356e-09, -9.492752508547729e-10, 9.297022371010457e-10, -8.395183355843069e-10, 7.991487262077313e-10, -7.872377368758287e-10, 7.559680814976832e-10, -7.483731629030871e-10, 6.485380703592687e-10, -5.96054525531606e-10, 5.782272506100713e-10, -5.93601716520755e-10, 5.951318099107931e-10, -5.039217471796859e-10, 4.3442576785565595e-10, -3.288000901471287e-10, 2.5792820644907436e-10, -1.5293573075818857e-10, 4.67115491904642e-11, 1.4361883274653858e-10, -3.12758341957087e-10, 4.3375701309320584e-10, -4.81167820522426e-10, 5.505371196235088e-10, -6.158467190515766e-10, 6.610693371805177e-10, -7.442905129249507e-10, 7.317417941935679e-10, -6.851733536514418e-10]

-R solid.eXZ: 		 [3.7057188287364223e-13, -3.788715858956764e-13, 2.3300797876092553e-12, -2.1074629134053525e-12, 1.8519998687137865e-12, -5.858566426894349e-14, 2.3225768263639645e-13, -9.478324720116136e-13, 1.7318660846075822e-12, -2.8658663533287934e-12, 4.314975529096455e-12, -5.417881582237108e-12, 6.485112663794519e-12, -7.817143810245114e-12, 9.33226182804697e-12, -1.0321085501978066e-11, 1.1772321462178473e-11, -1.224799928922357e-11, 1.2953833646508211e-11, -1.3259137823460239e-11, 1.3215765576411231e-11, -1.3722712057820953e-11, 1.3609440167469855e-11, -1.2624925301071846e-11, 1.2945594288407708e-11, -1.2513327565051321e-11, 1.253837330982479e-11, -1.2988172356165441e-11, 1.2665632413567021e-11, -1.3371757049709226e-11, 1.2358924087526897e-11, -1.3475666031863625e-11, 1.2934804031376959e-11, -1.3174673015766807e-11, 1.254065924550156e-11, -1.2699481100776936e-11, 1.1751225659684462e-11, -1.1494734361294587e-11, 1.1672594263005754e-11, -1.1400210455079087e-11]

+R solid.eXZ: 		 [2.1442241994409397e-13, -9.713876431480258e-16, 1.472054714300243e-12, -1.558548348847094e-12, 1.824874656619753e-12, -1.7994629670995533e-12, -2.213511424896213e-12, 2.5492503618868912e-12, -2.9705506230099077e-12, 3.467610837323597e-12, -3.875535225994692e-12, 4.634252803977589e-12, -5.052673694516801e-12, 5.924193014298438e-12, -6.877186808857525e-12, 7.52309231515932e-12, -8.322867789953308e-12, 8.932150051568665e-12, -9.445501207987286e-12, 9.705354476224323e-12, -9.736915205201195e-12, 1.0160642621499196e-11, -1.0104859390551869e-11, 9.379580957497762e-12, -9.752216158941803e-12, 9.51433359769423e-12, -9.670171838009963e-12, 1.013414636226142e-11, -1.0108285610513049e-11, 1.079589722784608e-11, -1.0235325467039219e-11, 1.1477838576137967e-11, -1.1272992073593508e-11, 1.163622876625198e-11, -1.1358543487883319e-11, 1.1747182165780669e-11, -1.1101738381853558e-11, 1.1158098205302006e-11, -1.1426611284947353e-11, 1.1233983819803145e-11]

+0 solid.eYZ: 		 [2.8899832696624804e-10, -3.2352091467941724e-10, -2.0529611652196287e-11, 2.0972299911467035e-10, -4.801711608372216e-10, 1.0332002418231958e-09, 1.3142288327119223e-09, -1.6610717254116903e-09, 2.057482427079721e-09, -2.5586107114765883e-09, 3.04105582752576e-09, -3.629698123334808e-09, 4.0128983910889735e-09, -4.659839990711746e-09, 5.359989074887301e-09, -5.804734060643072e-09, 6.4453173817977e-09, -6.72610415531533e-09, 7.053075940150308e-09, -7.157359726795189e-09, 7.102698754820061e-09, -7.344783304408477e-09, 7.262372061788288e-09, -6.72218590729911e-09, 6.892119288148118e-09, -6.660643042640424e-09, 6.682252210102862e-09, -6.934540635523926e-09, 6.8073961302495e-09, -7.2008454427735655e-09, 6.696759850776354e-09, -7.379130351435683e-09, 7.144082047351222e-09, -7.321385085801394e-09, 7.050810653241263e-09, -7.217537052694968e-09, 6.7500516693119045e-09, -6.695000071790265e-09, 6.852558174141819e-09, -6.7436317819507395e-09]

-R solid.eYZ: 		 [-8.119600182119824e-11, 2.7846839269403113e-12, -1.0838916504249876e-11, 7.035083459771515e-11, -1.9513706341465197e-10, 4.755427394007866e-10, 6.711809233808006e-10, -9.13732288533963e-10, 1.1995117455167339e-09, -1.5577151223970102e-09, 1.9060885444707442e-09, -2.303542037625192e-09, 2.738695478687489e-09, -3.140432686090211e-09, 3.6831380505048275e-09, -4.089824769900032e-09, 4.999993532514377e-09, -4.848163952902044e-09, 5.193063978256177e-09, -5.341737991447424e-09, 5.333884018522856e-09, -5.576522209462229e-09, 5.561273951051039e-09, -5.197030934926482e-09, 5.317129657052472e-09, -5.157273638033565e-09, 5.20034275084889e-09, -5.460449349592973e-09, 5.266459036117079e-09, -5.731511941760372e-09, 5.396299652781937e-09, -5.927278215002704e-09, 5.796479998306659e-09, -5.992441917690407e-09, 5.7293638859231526e-09, -5.804612333008242e-09, 5.529855153673542e-09, -5.467293707711347e-09, 5.636723403550879e-09, -5.616810440066665e-09]

+R solid.eYZ: 		 [-8.160214956679649e-11, 3.730263770595565e-12, 1.922306742123289e-12, 5.6254372074940705e-11, -1.7878373647136764e-10, 4.627002350765022e-10, 6.553480486113433e-10, -8.942334145444966e-10, 1.1719879239109096e-09, -1.5282944249814832e-09, 1.9015246623131386e-09, -2.3832661402077203e-09, 2.5839475750530153e-09, -3.180828527403968e-09, 3.7327335461877145e-09, -4.0839395982494204e-09, 4.2232895983456426e-09, -4.905138566845805e-09, 5.1612718672624956e-09, -5.282141988284621e-09, 5.315226645593326e-09, -5.5368112893749374e-09, 5.518410249491654e-09, -5.13739386182822e-09, 5.351680339510705e-09, -5.218446870589937e-09, 5.270317781317647e-09, -5.466804510381617e-09, 5.51268450837473e-09, -5.728498591389867e-09, 5.3084531590933735e-09, -5.9185052006168875e-09, 5.7167288248798975e-09, -5.850926378843984e-09, 5.716193663805108e-09, -5.9472166941247775e-09, 5.496587626663719e-09, -5.499280455091072e-09, 5.619028352775331e-09, -5.489041946132251e-09]

+0 solid.eXY: 		 [3.112797855388029e-12, -2.627267673543886e-12, 1.7208224103234512e-12, -8.870148919921569e-13, 1.0434087859932542e-13, 2.521419233646347e-12, 2.717038014589735e-12, -3.3180400069664124e-12, 3.91625333250572e-12, -4.879122831124801e-12, 6.153027854902791e-12, -6.874988947400776e-12, 7.445315658680536e-12, -8.380407847503468e-12, 9.393987958156249e-12, -9.746808781418976e-12, 1.037572632439309e-11, -1.0350281214830614e-11, 1.0386955639287967e-11, -1.0163838241696126e-11, 9.679462201116841e-12, -9.609157558893968e-12, 9.074850360288593e-12, -8.017234483102204e-12, 7.99758170372731e-12, -7.486363830427186e-12, 7.33419476899243e-12, -7.423647784407365e-12, 7.1322151835195295e-12, -7.391251584961028e-12, 6.799132606924499e-12, -7.394845850732808e-12, 7.055664618922646e-12, -7.038009442965858e-12, 6.648854053630664e-12, -6.665382744609296e-12, 6.124969468178688e-12, -5.985438035688669e-12, 5.949944146197022e-12, -5.6879781414371486e-12]

-R solid.eXY: 		 [-5.725702266745795e-12, 4.950707778391943e-12, 4.2316886739904335e-12, -6.2239832180742624e-12, 8.479345381683297e-12, -1.0072547368372169e-11, -1.12578088229015e-11, 1.1991268113465874e-11, -1.277134262468288e-11, 1.337425382140655e-11, -1.2790472973024164e-11, 1.3574258406030341e-11, -1.2832813581554898e-11, 1.2968879954058577e-11, -1.2874878549753865e-11, 1.2252380963559625e-11, -1.1886271533957826e-11, 1.1042582756541249e-11, -1.0238064669390097e-11, 9.065610645218597e-12, -7.886829722016653e-12, 7.114248819359011e-12, -6.173877984139037e-12, 4.992517859963873e-12, -4.287323136291943e-12, 3.453897417850279e-12, -2.767445739242291e-12, 2.2013520323511966e-12, -1.5877092279779886e-12, 1.0255459829935765e-12, -3.746533227292064e-13, -1.5458723312367785e-13, 6.456606782352608e-13, -1.0907799355179665e-12, 1.4548443618229236e-12, -1.8317935785809172e-12, 2.0871133774238213e-12, -2.3762400240882717e-12, 2.7105066859435595e-12, -2.934310800892273e-12]

+R solid.eXY: 		 [4.8941267991790875e-12, -4.078979487428906e-12, 2.0969149039812435e-12, -7.380384323878892e-13, -5.378269543815044e-13, 4.121958054212112e-12, 4.441218822900992e-12, -5.222501882398458e-12, 5.98003486290005e-12, -7.128083259785084e-12, 8.465436425624802e-12, -9.261303507930732e-12, 9.700552585123304e-12, -1.0562948406732393e-11, 1.1477839640769873e-11, -1.1584774885106213e-11, 1.2001287337457931e-11, -1.1625128608236679e-11, 1.1338193279300138e-11, -1.0783631989968332e-11, 9.97612822152273e-12, -9.619888102380198e-12, 8.843232338781484e-12, -7.587006685692519e-12, 7.310931513144388e-12, -6.619824324348608e-12, 6.247433137195778e-12, -6.0687314902561284e-12, 5.5891854796503635e-12, -5.535494260229894e-12, 4.8626729576757094e-12, -4.9943643234290275e-12, 4.513539877499379e-12, -4.275703812516786e-12, 3.789970922068067e-12, -3.5706412750538085e-12, 3.0538931698583304e-12, -2.76448408516277e-12, 2.5482943418028852e-12, -2.2484052993473535e-12]

