modenumbers: 		 [2, 4, 6, 9, 12, 15, 17, 21, 24, 28, 31, 35, 38, 41, 45, 48, 52, 56, 59, 63, 67, 70, 74, 78, 80, 83, 85, 88, 91, 93, 97, 99]

freq: 		 [16750880.967455449, 89682271.50884658, 205315254.44547102, 358238390.0885653, 559635013.9647151, 789079647.6941581, 1055254531.4486667, 1344814056.1248705, 1654921241.5032997, 1986196668.4595258, 2328953563.6342154, 2685875887.0916877, 3053061385.6357603, 3427125772.1403656, 3809885205.8080053, 4197436262.152554, 4589532946.190522, 4986511382.967644, 5385703437.578267, 5787668479.831566, 6192241097.39598, 6597638120.102324, 7004268120.837686, 7340184062.194367, 7410180145.959084, 7521496535.606367, 7777564490.922952, 7842187570.53208, 8139875455.632792, 8245206124.6663265, 8547668304.254325, 8656476018.254307]

mass:  		 [6.526511598282777e-17, 2.5915063591278328e-17, 1.2585015622169249e-17, 1.2095315117723886e-17, 1.1194938045059236e-17, 1.0844919632941569e-17, 1.1217195574816313e-17, 1.0875031104729269e-17, 1.1216721615211136e-17, 1.1281387750325293e-17, 1.1248943209106578e-17, 1.1550648593531345e-17, 1.1493958586881661e-17, 1.1619120203179449e-17, 1.176216136119281e-17, 1.169312887139939e-17, 1.181298711541852e-17, 1.1804864910476024e-17, 1.1805775081011236e-17, 1.1852215097750389e-17, 1.1957503173245308e-17, 1.1829656021619566e-17, 1.1916069743020445e-17, 7.827473029009134e-16, 1.2260312271938944e-17, 4.618282086467843e-16, 3.832133797878218e-17, 1.6544422801733828e-17, 1.0457278457995311e-16, 1.3109983684098366e-17, 1.2078672375366074e-16, 1.285014348069188e-17]

maxop1(u): 		 [-2.688443311493252e-12, -2.641347914886208e-12, 2.6926226366646887e-12, 2.7720722336724253e-12, -2.7185207549079054e-12, -2.7893889344387127e-12, -2.7048623433553942e-12, 2.544577688483162e-12, 2.7926576366354813e-12, 2.527599498942972e-12, -2.628555803382543e-12, -2.5877108564455373e-12, -2.8498836885040277e-12, -3.0651054209358947e-12, 3.0999999999999997e-12, -3.0469076059113285e-12, 3.1e-12, 3.0043443090657272e-12, 3.0999999999999997e-12, -3.0034745539688373e-12, 3.0999999999999997e-12, -2.996616322856487e-12, 3.0999999999999997e-12, 4.811523353333724e-13, -2.971132982138547e-12, 3.318692618579399e-13, 3.0068750356285222e-12, -1.6230718041023725e-12, 1.7651071097679948e-12, 2.203790124755056e-12, -1.5794857720251618e-12, 3.0734305421548475e-12]

maxop1(v): 		 [3.1e-12, 3.0999999999999997e-12, -3.0998645435390387e-12, -3.099584952397199e-12, 3.0999999999999997e-12, 3.0999999999999997e-12, 3.1e-12, -3.094556080786951e-12, -3.0914933682758053e-12, -3.088390481957717e-12, 3.0999999999999997e-12, 3.1e-12, 3.0999999999999997e-12, 2.694819648243328e-12, -2.4447047878904327e-12, 2.87843509532233e-12, -2.6237367968326354e-12, -3.0238472937398296e-12, -2.8865408529656396e-12, 2.6696352383832706e-12, -2.0400416635316445e-12, 1.5530606216029465e-12, -1.8446802872626153e-12, -4.826707937063091e-13, 1.5728925772854548e-12, -7.963396388897784e-13, -1.0908069465054682e-12, 3.0999999999999997e-12, -7.052067080144032e-13, -2.7651937949863533e-12, 6.627364457529304e-13, -1.6072981729748817e-12]

maxop1(w): 		 [6.034485535949597e-14, 1.768466606102565e-13, 3.1550721630023625e-13, 4.831234582561432e-13, 6.573726842171228e-13, 8.381490600948752e-13, 9.99202162260991e-13, 1.1311751908232725e-12, 1.346553651802454e-12, 1.4372730349418575e-12, 1.6295928823388348e-12, 1.7507797541397185e-12, 1.98216973292361e-12, 2.051441610788955e-12, 2.109687310812996e-12, 2.397594311566937e-12, 2.436632445269856e-12, 2.6981336985790677e-12, 2.821593001968595e-12, 2.7893311503391005e-12, 2.644408954792777e-12, 2.56805781045904e-12, 2.770421341555418e-12, 5.548061576492505e-13, 2.7632843182770774e-12, 7.174152656249605e-13, 2.6523196833017886e-12, 2.9927514389496734e-12, 1.6256980279835265e-12, 3.0973148297276694e-12, 1.564671022149894e-12, 3.090084055329125e-12]

+0 solid.eZZ: 		 [-4.951296712917361e-10, 1.2874760930395115e-09, 1.671588197915089e-09, -2.8552666796845885e-09, -3.030536717586494e-09, 3.4831928745469204e-09, -4.09319630500442e-09, -2.1718961174563857e-09, 3.192752589633658e-09, 4.64415961125314e-10, -1.8516532982368142e-08, -4.6042988772159755e-09, 1.497082981737595e-08, -9.190865086070677e-09, -1.5743204544928836e-08, 1.3822163628845001e-09, -1.7677643367115683e-08, 2.6331469265302346e-08, -9.828853204634105e-09, -2.1686999435778014e-08, -2.9334233959899096e-08, -1.0343646191446032e-08, -2.2023857058409695e-08, 1.9633428089020323e-08, -3.079369222718035e-08, -1.1817422822277484e-08, -8.846780634377465e-08, 1.957905204321794e-07, 9.228061834032995e-08, 6.421298946999164e-10, 9.920034227857432e-08, 2.7437448694280342e-09]

-R solid.eZZ: 		 [-1.012469821981705e-07, 2.6507731088336926e-07, 3.447920953691203e-07, -5.526314017825639e-07, -6.607505293301049e-07, 7.38526826086789e-07, -7.029075545465096e-07, -4.932583258644872e-07, 2.4602257117997553e-07, 1.9394247422938635e-07, 7.399245544106384e-07, -1.4333194861920775e-06, 2.4077048798443862e-06, -3.5668173706144864e-06, -4.600805732529235e-06, -5.567522805625666e-06, -6.573407519477927e-06, 7.232967050356156e-06, -8.24952199975475e-06, -8.929953243669555e-06, -9.455492239590245e-06, -9.851580978176115e-06, -1.0071354677019178e-05, 3.590231423809069e-06, -1.0291550604527792e-05, -1.0249176912102768e-06, -1.4680415641134129e-05, 4.03245726876916e-06, 1.188237419281785e-05, 4.960620353144715e-06, 1.1238075316839465e-05, -5.987863947635839e-06]

+R solid.eZZ: 		 [1.0121879929327339e-07, -2.649420283296002e-07, -3.445359243461283e-07, 5.517275158382764e-07, 6.600473995030293e-07, -7.370970438918466e-07, 6.992002408334356e-07, 4.90389950545699e-07, -2.3812222602665638e-07, -2.001272182572518e-07, -7.859694638735896e-07, 1.4449131571101877e-06, -2.4104062549556843e-06, 3.5898302227358163e-06, 4.622534095494977e-06, 5.628558850555163e-06, 6.613514281691583e-06, -7.2674116340840305e-06, 8.321612406628749e-06, 8.995068860914073e-06, 9.522940795541468e-06, 9.959248293935966e-06, 1.0170821441846597e-05, -3.5979240605836255e-06, 1.0396071549092606e-05, 1.0187177897630345e-06, 1.4749532591711419e-05, -3.895767637312354e-06, -1.1891194316682982e-05, -5.024415991363235e-06, -1.1227114371998762e-05, 6.127208140901166e-06]

+0 solid.eXX: 		 [1.714842155075396e-10, -4.550844335006099e-10, -6.025535711781278e-10, 1.0455541422294761e-09, 1.1771820210374493e-09, -1.4288346519281052e-09, 1.741928607135396e-09, 1.2348884691728348e-09, -1.8348380367968955e-09, 7.914429383364672e-10, 7.066717363430258e-09, -1.0903718025524821e-10, -2.586486079581376e-09, -1.1078037323060527e-10, 1.358166222106198e-09, -4.754057709009814e-09, 8.543493697601209e-10, -3.651223757055442e-09, -2.8155971605795904e-09, 7.232009173173425e-10, 2.8506544468568295e-09, -4.666083997625274e-09, 2.712050192914587e-10, -7.012037956263178e-09, 3.8428259644017406e-09, 3.3630303299775447e-09, 3.093273464517689e-08, -7.564077283767138e-08, -3.92137881993704e-08, -6.386065772496813e-10, -4.8005939680263016e-08, -7.3485580099645815e-09]

-R solid.eXX: 		 [3.1698862806853675e-08, -8.313312829569539e-08, -1.0827062523243933e-07, 1.7372467859375112e-07, 2.0778821672992934e-07, -2.318291071708769e-07, 2.1895620929776068e-07, 1.496492710915701e-07, -6.3921572487887e-08, -8.421515108635372e-08, -2.7381652572743226e-07, 5.147826562593974e-07, -8.592987702901511e-07, 1.274487782832614e-06, 1.6509077802194836e-06, 2.0124098850370244e-06, 2.391775494735808e-06, -2.6534238481321862e-06, 3.0524515826827034e-06, 3.3302310504112765e-06, 3.5522554873428525e-06, 3.724483687707095e-06, 3.8088456078312356e-06, -8.908576599887238e-07, 3.831553419321001e-06, -8.664932114936475e-08, 4.0376052190561054e-06, -1.9417084020913146e-06, -2.3288511972517574e-06, -2.3156333413583695e-06, -1.6408174719427358e-06, 3.0491226725850256e-06]

+R solid.eXX: 		 [-3.16566075447391e-08, 8.301925271939974e-08, 1.0812080080256375e-07, -1.7338024142078512e-07, -2.075672354921204e-07, 2.3150996571352474e-07, -2.1817524793018827e-07, -1.4944421219291395e-07, 6.255185053713035e-08, 8.450287842781798e-08, 2.8556205558151307e-07, -5.156458562876364e-07, 8.57322724418431e-07, -1.2792890301878592e-06, -1.655851039469792e-06, -2.027819511288565e-06, -2.402205203694062e-06, 2.6616107458167002e-06, -3.0727772234260844e-06, -3.351317269281616e-06, -3.5777313166608205e-06, -3.7639284579217504e-06, -3.847971967767692e-06, 8.947735983354704e-07, -3.875277088659156e-06, 8.575287269557522e-08, -4.066689351759848e-06, 1.9326825102763627e-06, 2.331524466871686e-06, 2.3499344099498627e-06, 1.632789577985243e-06, -3.1137748686707997e-06]

+0 solid.eYY: 		 [1.59084738358986e-10, -4.2230783372219903e-10, -5.561609086149886e-10, 9.613941768850476e-10, 1.0742334904124872e-09, -1.290501211221057e-09, 1.6029716707014319e-09, 1.1501444816149664e-09, -1.654740111858384e-09, 7.439986506750293e-10, 6.960777263136308e-09, -1.3622165960509955e-11, -2.945527668360754e-09, 9.3502884975687e-10, 2.8480318969304472e-09, -3.4363520583592845e-09, 2.6801990104479947e-09, -4.9152911693390764e-09, -9.995334825559099e-10, 3.22813383330478e-09, 6.572774941509933e-09, 5.972517075324699e-10, 4.207821443098386e-09, -8.503944344877528e-09, 8.591364443825595e-09, 1.1136261243393986e-08, 3.47629301501392e-08, -6.421016792551086e-08, -3.827840727513286e-08, 1.1457943425180285e-08, -3.919365833379668e-08, -7.215260062701183e-09]

-R solid.eYY: 		 [3.074231434986479e-08, -8.017579467645466e-08, -1.0397863949734672e-07, 1.662354051092594e-07, 1.9861063630985157e-07, -2.22953419257625e-07, 2.1603770921147154e-07, 1.605957006145265e-07, -1.0437393143914147e-07, -6.084915062909402e-09, -1.2985273035659374e-07, 2.868172727737116e-07, -4.934399219452097e-07, 7.260870276545525e-07, 9.205646606390316e-07, 1.0828855646811703e-06, 1.2424434064188267e-06, -1.3208558866967149e-06, 1.4469131727394644e-06, 1.5064771253409136e-06, 1.534472435353048e-06, 1.5442896548338206e-06, 1.5787509711165544e-06, -1.6111384256803916e-06, 1.7496785044769138e-06, 1.2190002647920027e-06, 5.705226100643654e-06, 2.966331744573352e-07, -6.726881256033904e-06, 2.038815424181624e-07, -7.624128311127795e-06, -8.127758082624858e-07]

+R solid.eYY: 		 [-3.076618462754387e-08, 8.016948602524873e-08, 1.0389156544065806e-07, -1.6582822574806177e-07, -1.9802817377375197e-07, 2.217684424100798e-07, -2.1353838030082676e-07, -1.577667214637051e-07, 9.896599861399378e-08, 1.1647129673683621e-08, 1.496709815666355e-07, -2.959653327952837e-07, 5.006011822430241e-07, -7.410095944198412e-07, -9.353252207367651e-07, -1.112022285035571e-06, -1.263544979480053e-06, 1.3388951444374215e-06, -1.4783856409124752e-06, -1.533014671612619e-06, -1.5584868141904276e-06, -1.58156467575575e-06, -1.6087106013973272e-06, 1.609720012340167e-06, -1.77503620488465e-06, -1.208339710012222e-06, -5.706529188692583e-06, -3.892006715728704e-07, 6.708099371832151e-06, -1.835392718432398e-07, 7.595069571255475e-06, 7.836836994923295e-07]

+0 solid.eXZ: 		 [-4.128204261289462e-09, 2.990433913051871e-08, 6.152349891493616e-08, -1.4610175719184702e-07, -2.588539666957709e-07, 4.2655709981201246e-07, -6.36555325794033e-07, -8.042505680327801e-07, 1.17340621548027e-06, -1.3097571514456573e-06, -1.6070484459109076e-06, 1.8200036944250394e-06, -2.1597979391318685e-06, 2.4357223217572655e-06, 2.4463503558379206e-06, 2.322425410312087e-06, 2.0985779905093634e-06, -1.6863337417966791e-06, 1.2694682558625671e-06, 6.896437502600933e-07, 1.722821228125462e-08, -7.168123802893398e-07, -1.4319197970659232e-06, -1.0511487669087025e-06, -1.970810839996706e-06, 1.62900243417451e-06, 2.2943742844843537e-06, 3.0316460272470093e-06, -5.790840157771279e-06, 3.978819587825344e-06, -8.211149927601441e-06, -7.007958494407881e-06]

-R solid.eXZ: 		 [1.502687414401565e-12, -2.1027738820401302e-11, -4.747632054845515e-11, 1.1628026700340226e-10, 2.1456292898815437e-10, -3.5157801212223915e-10, 5.417199239762213e-10, 7.244147125796952e-10, -9.562208073965461e-10, 1.1585472283064699e-09, 1.317897534052059e-09, -1.4411185720834824e-09, 1.4168100398455856e-09, -1.0576023828182552e-09, -7.703247170629251e-10, -7.630400383983637e-10, -4.1087479979506696e-10, 2.5588965691999564e-10, 2.942816966538175e-12, -1.6645286094829712e-11, -6.981552997802369e-10, -2.315355244336681e-09, -3.198377401677176e-09, 9.566913624456006e-10, -6.2329291353164324e-09, -1.506345099979052e-09, -1.1474586341515792e-08, -2.190476501410816e-09, 1.0374070822462321e-08, 1.53106231803136e-09, 1.324927399929776e-08, -1.498299514896017e-08]

+R solid.eXZ: 		 [3.9455885796629894e-11, -8.352465021458137e-11, -8.461662195495897e-11, 8.238502355032899e-11, -6.4180430859068975e-12, 1.9331300884493409e-10, -5.3881831994068e-10, -9.860778906198543e-10, 1.830276269251292e-09, -2.604870377864436e-09, -3.860583971395099e-09, 5.2579177865695086e-09, -7.324268488259291e-09, 9.50653799287526e-09, 1.13016337679693e-08, 1.3324554369909524e-08, 1.469171089890317e-08, -1.572894991622198e-08, 1.633562882226128e-08, 1.5284550823264518e-08, 1.257491031749583e-08, 8.228975111822698e-09, 3.224679224172859e-09, 6.130205056057506e-09, -5.595939392697375e-09, -7.938568707289555e-09, -3.0810894314636857e-08, -1.236505761639166e-10, 3.900264590505145e-08, 1.0985112164805266e-08, 5.019926872061863e-08, -3.189000237045114e-08]

+0 solid.eYZ: 		 [4.752578424564261e-09, -3.5070531249409834e-08, -7.079202238657926e-08, 1.6330929873658138e-07, 2.949569588108405e-07, -4.735596364130929e-07, 7.284316331713506e-07, 9.796628355002885e-07, -1.3022860347402032e-06, 1.6064250531341689e-06, 1.8835970756643107e-06, -2.1583383668823044e-06, 2.325980209101447e-06, -2.1146615562290578e-06, -1.9583875793443516e-06, -2.153614646865082e-06, -1.8158707279993757e-06, 1.7393587216215251e-06, -1.217863252580108e-06, -5.933438339374876e-07, -1.4672353281018239e-08, 3.481010056102172e-07, 8.915242274219708e-07, 1.1137052703263615e-06, 9.706860439610853e-07, -4.236523824401776e-06, -9.011070101130073e-07, -5.3583854170616845e-06, 2.5024872045575594e-06, -5.3881054645993745e-06, 3.109302165480717e-06, 3.977815531105189e-06]

-R solid.eYZ: 		 [1.1116777316924542e-09, -2.190366901945616e-08, -4.9963287715467413e-08, 1.2266259741576047e-07, 2.3049028869664996e-07, -3.7946520205528765e-07, 5.943750093845395e-07, 8.096927731004471e-07, -1.0863319433271203e-06, 1.348529846074267e-06, 1.5873951209635765e-06, -1.8258805449268297e-06, 1.958988458430328e-06, -1.7733486547735885e-06, -1.627343052799884e-06, -1.7585432069096173e-06, -1.4390444296923243e-06, 1.2999997160360646e-06, -7.951237121714427e-07, -2.1305329543607734e-07, 2.907847896777615e-07, 5.734580101437843e-07, 1.2273001706124807e-06, 5.130573932652434e-07, 1.3135541652874153e-06, -3.091472475655979e-06, 1.0389474464859638e-07, -5.284184627765203e-06, 9.564626539361256e-07, -5.511925485051153e-06, 1.1631532349851888e-06, 3.964404457013994e-06]

+R solid.eYZ: 		 [1.2297906935646039e-09, -2.2234754576672148e-08, -5.041669183746408e-08, 1.2343400572779523e-07, 2.3151949594540557e-07, -3.8081005301717334e-07, 5.95940794649781e-07, 8.113596202520025e-07, -1.0881114938356978e-06, 1.35023257141091e-06, 1.5884545234953927e-06, -1.817106720666007e-06, 1.9605939563993074e-06, -1.77271528505769e-06, -1.6247068467462597e-06, -1.7551194917888714e-06, -1.434337011979977e-06, 1.2917861694215126e-06, -7.821851532228778e-07, -1.9575735751369763e-07, 3.1668710962787546e-07, 6.079396534916343e-07, 1.2647588250261608e-06, 4.977318735048031e-07, 1.3627545008388222e-06, -3.0682609070964005e-06, 1.466243168597881e-07, -5.259476694767792e-06, 9.096658822364425e-07, -5.594118597071426e-06, 1.1364247831286e-06, 4.05155132243415e-06]

+0 solid.eXY: 		 [-5.454833434436973e-11, 1.73580398150984e-10, 2.574477344984069e-10, -4.774212049604567e-10, -7.125796229191957e-10, 1.0081790046732849e-09, -1.380899949013552e-09, -1.6882544908704986e-09, 2.2195060893958414e-09, -2.5986987134926167e-09, -3.129765330651484e-09, 3.727089247574148e-09, -4.4709464821612e-09, 4.910709899909336e-09, 5.417692226088549e-09, 6.716502786814212e-09, 7.385279190811737e-09, -9.058376447451337e-09, 1.0141938154118067e-08, 1.0754293492842807e-08, 1.0687276971857404e-08, 1.0191708983788444e-08, 1.2894042364532173e-08, 7.531535308183222e-10, 1.2544741761250398e-08, -1.0616715434658471e-08, 2.1860779888106507e-09, -2.534245615560022e-08, 8.905826428061008e-09, -2.9532795478352488e-08, 1.737769841635505e-08, 3.4381196285200247e-08]

-R solid.eXY: 		 [-3.1282287816580244e-12, -6.224144146715804e-12, -2.6084079610684503e-11, 8.208436424537026e-11, 1.7375453412954645e-10, -3.322580581874995e-10, 5.631452040257522e-10, 7.973863305043162e-10, -1.3630833551961927e-09, 1.6877849176781079e-09, 2.4092117575826976e-09, -3.1354821801213273e-09, 4.498942073599005e-09, -6.448645303551849e-09, -7.95389906438755e-09, -8.699053778382063e-09, -1.0117841935470748e-08, 9.76913714760021e-09, -1.1035341297011003e-08, -1.1908436421692332e-08, -1.2940757746273139e-08, -1.362256720364237e-08, -1.0209058729910268e-08, -3.877999296084178e-09, -7.373209644800271e-09, 5.69701451303957e-10, 1.4384038606154708e-08, -9.430477791358936e-10, -2.720495704808692e-08, -2.3840540380607247e-09, -3.675934365848068e-08, 1.095007169451558e-09]

+R solid.eXY: 		 [2.970088508685988e-11, -9.653756020963698e-11, -1.430194283040555e-10, 2.6535676500662444e-10, 3.967963762461602e-10, -5.591202156484313e-10, 7.438397625640109e-10, 8.443214841684834e-10, -1.1086747981496126e-09, 1.0887760701510822e-09, 1.2229198503049373e-09, -1.2215610314510265e-09, 1.438498258841618e-09, -1.9181129723755993e-09, -2.03183422889478e-09, -1.4641742597474856e-09, -1.376911871754763e-09, 2.798563432114044e-10, 1.5607304097926041e-12, 3.1789408040346686e-10, 5.466974538882404e-10, 1.1258977647865807e-09, 3.2687961742358706e-09, -2.360686549592328e-09, 5.301900717267379e-09, 1.0643248718942637e-09, 1.1916934417459194e-08, -3.172946147482135e-09, -1.3767353040550462e-08, -5.577284523835425e-09, -1.8576906626177575e-08, 1.1548319009369307e-08]

